1180
54890
2650
2620
92030
9190
26360
461810
743210
603150
105510
38800
32080
280080
92010
25880
27620
14050
74980
38680
10
2120
790
44010
1790
180
403510
5900
410
140
260
970
190
620
20
880
40450
130
2470
68380
120
1030
2550
5060
46250
15150
5340
6280
610
3800
70
52090
30
2620
40
24370
30
10
30
15660
6850
430
520
2320
90770
890
6690
20
1670
1910
50
720
3290
50
15520
410
1620
273820
20370
6110
10
10
120
10
10
10
10
10
10
50480
24100
10
630
10
11690
54290
2740
410
7440
10760
95700
1620
5480
6490
52680
7990
5830
150
3530
9480
19990
10
51250
10
5330
740
2130
1010
10
10
2440
4550
69410
4370
4990
140630
35720
7480
708890
10
4180
10
10
10
20
12970
50
30
283450
13200
3590
